[engine]
is infolog=false
is errorlog=false
is normallog=false
[application]
open_logo=1
open_hol=1
open_fr=0
open_lg=0
open_aud=0
movesense=34.000000
rotsense=0.001000
isfreecam=1
pos=114.068878,234.186905,-41.103992
look=114.540573,233.894455,-40.272141
